1.49
2.05
2.88
4.04
1.86
0.97
1.53
5.39
3.13
2.6
2.54
2.16
2.88
2.58
2.66
2.25
2.74
14.19
0.94
1.75
1.16
1.05
2.25
1.15
1.21
1.35
1.99
1.09
1.3
0.67
1.45
2.7
1.16
1.13
0.5
2.56
0.93
1.12
0.86
2.21
2.47
1.91
1.02
0.5
1.14
0.91
2.55
1.71
1.9
1.31
1.18
1.77
2.45
1.46
1.77
2.03
0.97
1.38
1.9
0.9
1.16
1.25
1.83
0.84
1.16
0.71
1.56
1.45
1.58
2.11
0.95
1.51
2.21
2.98
2.88
2.68
2.47
2.34
2.98
2.85
1.35
2.97
0.5
1.66
2.58
2.77
2.3
2.46
1.97
1.37
1.9
1.52
2.1
1.17
2.16
2.06
2.95
2.8
3.28
3.44
3.26
2.41


Average: 2.021372549019608
Standard Deviation: 1.4728311001070429
Minimum Time: 0.5
Maximum Time: 14.19